01000000010124798520230809000000000070708000000059300000000000000000001002202308111101123456789
01000000010124800320230809000000000078630000000059300000000000000000001002202308111101123456789
01000000010124800520230809000000000070144000000059300000000000000000001002202308111101123456789
01000000010124800920230809000000000023134000000059300000000000000000001002202308111101123456789
01000000010124801120230809000000000035558000000059300000000000000000001002202308111101123456789
01000000010124801320230809000000000060727000000059300000000000000000001002202308111101123456789
01000000010124801720230809000000000025100000000059300000000000000000001002202308111101123456789
01000000010124801820230809000000000090264000000059300000000000000000001002202308111101123456789
01000000010124802220230809000000000030750000000059300000000000000000001002202308111101123456789
01000000010124802520230809000000000074458000000059300000000000000000001002202308111101123456789
02000001000000000000055947300000000000000000000000000000000000000000000000000