01000000010100652220230703000000000023778000000059300000000000000099001002202307031101123456789
01000000010100654220230703000000000018403000000059300000000000000099001002202307031101123456789
01000000010100654520230703000000000035725000000059300000000000000099001002202307031101123456789
01000000010100654620230703000000000040480000000059300000000000000099001002202307031101123456789
01000000010100654820230703000000000036244000000059300000000000000099001002202307031101123456789
01000000010100655120230703000000000034254000000059300000000000000099001002202307031101123456789
01000000010100655320230703000000000023882000000059300000000000000099001002202307031101123456789
01000000010100656020230703000000000053705000000059300000000000000099001002202307031101123456789
01000000010100657020230703000000000051027000000059300000000000000099001002202307031101123456789
01000000010100657520230703000000000029430000000059300000000000000099001002202307031101123456789
02000001000000000000034692800000100000000000003469280000000000000000000000000